Adrenal_gland	Ascending_aorta	Body_of_pancreas	Brain	Breast_epithelium	Cerebellum	Coronary_artery	Esophagus_squamous_epithelium	Eye	Forelimb_muscle	Frontal_cortex	Gastrocnemius_medialis	Heart	Heart_left_ventricle	Heart_right_ventricle	Hindlimb_muscle	Kidney	Large_intestine	Left_kidney	Left_lung	Left_renal_cortex_interstitium	Left_renal_pelvis	Liver	Lower_leg_skin	Lung	Muscle_of_arm	Muscle_of_back	Muscle_of_leg	Muscle_of_trunk	Omental_fat_pad	Ovary	Pancreas	Peyer's_patch	Placenta	Prostate_gland	Psoas_muscle	Renal_cortex_interstitium	Renal_pelvis	Retina	Right_atrium_auricular_region	Right_kidney	Right_lobe_of_liver	Right_lung	Right_renal_cortex_interstitium	Right_renal_pelvis	Small_intestine	Spinal_cord	Spleen	Stomach	Testis	Thymus	Thyroid_gland	Tibial_artery	Tibial_nerve	Tongue	Transverse_colon	Upper_lobe_of_left_lung	Uterus	Vagina
rs1702292_SCZ	-0.0097	0.0023	0.0191	-0.0417	0.0094	-0.0032	0.0015	0.0035	-0.03845	-0.004	-8e-04	0.0068	-0.02715	0.00095	-0.04805	-0.0084	0.0056	0.00935	0.0076	0.0038	0.0038	0.0061	0.0037	0.0028	0.0085	-0.0028	-0.0043	-0.0037	-0.0079	0.0034	7e-04	0.0108	0.00455	0.1167	0.0067	-0.0023	0.0065	0.0076	-0.0416	0.0034	0.0065	0.00505	0.0049	0.0029	0.0072	0.0106	-0.0159	-0.0016	0.00715	-0.0038	-5e-04	0.022	0.00455	0.00575	0.0095	0.01435	0.00475	0.0026	0.0027
rs4908136_ALZ	0.0149	-0.004	0.0301	-0.0402	-0.0042	-0.011	-0.00345	-0.00255	-0.04115	-5e-04	-0.00445	-0.0063	0.002	-0.00035	0.0016	-0.0026	0.0096	0.0879	0.0116	-0.0011	0.0064	0.0115	0.02115	-0.0019	-0.00165	-6e-04	-0.0011	-0.0011	-0.0019	5e-04	3e-04	0.0099	0.03855	0.0045	-1e-04	0.0012	0.0103	0.01195	-0.04575	-0.00235	0.0139	0.0139	-9e-04	0.0067	0.01205	0.0839	-0.0194	6e-04	0.00705	0.00515	-0.00395	-0.0027	-0.00265	-0.00195	-0.02	0.04285	-0.0037	0.0042	0.00015
rs894983_EDU	0.0751	-0.01715	0.20745	0.2334	0.0407	0.1199	-0.0062	-0.0311	0.38465	0.033	0.0633	-0.03845	0.15945	0.1597	0.2085	0.098	0.103	0.07145	0.11155	0.1147	0.07545	0.0929	0.0524	0.00045	0.15635	0.03415	0.055	0.051	0.082	0.0177	0.05975	0.0902	0.05835	0.024	0.0046	0.0257	0.1381	0.1302	0.27835	-0.01055	0.1111	0.0109	0.1388	0.0781	0.11065	0.0916	0.1851	0.0473	0.07065	0.10365	0.0341	0.104	-0.0193	-0.0317	0.2113	0.11845	-0.01355	0.1089	-0.02525
rs16863770_BFP	6e-04	4e-04	-0.0014	0.0079	8e-04	0.0015	4e-04	3e-04	0.01885	0.032	9e-04	0.0017	0.0017	-0.0089	-0.00175	0.0429	0.012	-0.0061	0.01485	0.0312	0.0132	0.0133	-0.00015	6e-04	0.0313	0.0223	0.0301	0.0305	0.0327	6e-04	0.0019	0.00695	-0.00055	-0.008	0	0.019	0.0161	0.01685	0.00105	0.00085	0.0163	-1e-04	0.029	0.0124	0.0153	-0.0066	0.0031	0.0042	0.005	0.0132	6e-04	0.00155	0.0012	0.00105	0.028	-0.0012	2e-04	0.0083	0.001
rs10179195_CAD	0.0334	0.00305	0.0382	0.0038	0.0055	0.0108	0.0032	-0.0034	-0.006	0.0019	0.00205	0.0148	0.10095	0.12555	0.14715	0.0073	0.0025	0.0305	0.00265	0.0114	0.0014	0.002	0.0061	0.0012	0.01615	0.00145	0.0032	0.0023	0.006	0.0037	0.0056	0.0183	0.0061	0.0282	1e-04	0.0105	0.0031	0.00325	-0.01095	-0.00125	0.0034	5e-04	0.0128	0.0013	0.0028	0.032	6e-04	0.0058	0.00765	0.0157	0.00215	0.0293	9e-04	-0.00445	0.01185	0.0307	0.00165	0.0082	-2e-04
rs636006_CEL	0.0099	-0.00265	0.097	0	0.0038	-0.0029	-0.0023	-0.0021	0.0356	3e-04	1e-04	-0.0067	-0.0042	-0.0051	-0.00965	0.001	0.0355	0.17915	0.0437	0.0101	0.0262	0.03855	0.02405	-5e-04	0.0158	3e-04	5e-04	4e-04	6e-04	0.0015	0.0036	0.05125	0.0705	0.0039	0.00665	-0.0013	0.0368	0.0405	0.0171	-0.00675	0.0478	0.0179	0.0121	0.0259	0.04145	0.1765	0.0033	0.0017	0.0307	0.0075	0.0016	0.0244	-0.00755	5e-04	0.0145	0.16395	0.00665	0.02005	-0.0021
rs2623382_ATH	0.0154	0.0086	0.0159	0.074	0.0156	0.0232	0.0116	-0.0016	0.12475	0.2832	0.01515	0.02335	0.0661	0.04685	0.0962	0.3472	0.0505	0.019	0.0581	0.2449	0.0444	0.04865	0.00185	0.0134	0.21395	0.2483	0.2642	0.2961	0.3135	0.0102	0.0154	0.05825	0.00115	0.0201	0.001	0.0367	0.0683	0.0652	0.01625	0.0145	0.0669	0.0041	0.2144	0.05	0.06	0.018	0.0362	0.0365	0.02895	0.10095	-0.00195	0.0255	0.0179	0.01205	0.2346	0.03095	0.00325	0.09205	0.0142
rs4375997_SCZ	0.00095	0.00355	0.0658	-0.0471	0.0647	-0.0181	0.0035	-0.00225	0.00185	-0.0021	-0.0016	0.0073	-0.00715	0.0169	-0.0036	0.002	0.0206	0.0286	0.0203	0.0188	0.01095	0.0207	0.0127	0.0198	0.0282	-0.00065	-6e-04	-0.0014	-0.0038	0.00795	0.0064	0.0634	0.03565	0.1481	0.023	0.0092	0.0217	0.0252	-0.02165	0.00015	0.0187	0.011	0.0203	0.0123	0.0235	0.0294	-0.0297	-0.0023	0.03325	0.0019	-0.0019	0.04445	0.0028	-0.00135	0.0448	0.0593	0.00635	0.03685	0.0101
rs9818870_CAD	0.03525	-0.0135	0.0597	-0.0056	-0.0093	0.0029	-0.007	-0.0161	-0.0054	0.0044	-0.0011	-0.01305	0.16215	0.1692	0.18695	0.0084	0.0066	0.01775	0.00765	0.0269	0.00465	0.00575	0.008	-0.0114	0.0353	0.00275	0.0057	0.0043	0.0133	-0.0065	0.0198	0.02655	0.0026	0.011	-0.01165	0.0127	0.0092	0.0086	-0.0044	-0.0135	0.0083	-0.0045	0.0337	0.0045	0.00695	0.0202	0.0013	0.016	0.0128	0.03535	0.0062	0.02715	-0.01115	-0.0217	0.00255	0.03205	-0.0161	0.0138	-0.0118
rs5398_FG	0.02555	0.0145	0.0947	0.0159	0.0396	0.0098	0.0154	0.0051	0.02515	0.0327	0.0078	0.0223	0.03155	0.039	0.0404	0.0483	0.063	0.08975	0.0666	0.0977	0.0472	0.0607	0.0168	0.017	0.09875	0.03345	0.0376	0.0365	0.05	0.0224	0.0294	0.1123	0.02595	0.0586	0.0166	0.0243	0.0676	0.07035	0.00435	0.01695	0.074	0.0165	0.0923	0.0559	0.0718	0.0909	0.0152	0.0219	0.079	0.05525	0.0027	0.06155	0.02075	0.00855	0.0625	0.1124	0.0093	0.0958	0.0153
rs5400_FG	0.04565	0.0078	0.0462	0.0053	0.01915	0.0023	0.009	0.0018	0.0081	0.013	0.00455	0.0237	-5e-04	0.02635	-0.0204	0.0238	8e-04	0.05315	0.0012	0.1091	-1e-04	0.0011	0.0072	0.0115	0.1098	0.00815	0.0103	0.01	0.0148	0.0168	0.0044	0.09585	0.0098	0.1733	0.0077	0.0557	8e-04	0.00095	-0.0104	0.00745	0.0013	0.0126	0.0927	7e-04	0.00155	0.0526	7e-04	0.0077	0.0137	0.01465	-0.00025	0.03285	0.01015	0.00365	0.03335	0.07175	0.01195	0.033	0.0127
rs6850673_T2D	0.0432	0.0134	0.0882	0.0253	0.032	0.0181	0.0149	0.0065	0.0694	0.0082	0.0091	0.03305	0.0463	0.067	0.0632	0.0219	0.0062	0.03895	0.0068	0.0656	0.00425	0.00535	0.0153	0.0161	0.073	0.006	0.0089	0.0083	0.014	0.0225	0.0073	0.10215	0.0174	-0.0417	0.0123	0.0268	0.0073	0.00855	0.02095	0.0135	0.0072	0.0172	0.0574	0.0042	0.00675	0.0433	0.0052	0.0074	0.0183	0.01845	0.0016	0.06065	0.0181	0.00775	0.05485	0.0667	0.01165	0.0402	0.0133
rs9308048_DS	0.0057	0.001	0.0035	0.121	0.0017	0.0161	8e-04	8e-04	0.1029	0.0476	0.0047	0.0041	0.0267	0.026	0.05025	0.0651	0.006	0.0016	0.0081	0.051	0.00735	0.00595	5e-04	9e-04	0.04625	0.04255	0.0534	0.0524	0.0662	0.001	0.0076	0.0052	0.00035	0.0034	0.001	0.005	0.009	0.0085	0.03025	0.0019	0.0091	8e-04	0.0456	0.0071	0.007	0.0017	0.0385	0.0034	0.0043	0.0228	0.00075	0.0057	0.0026	0.00185	0.06195	0.00345	0.00075	0.0065	9e-04
rs17745264_CAD	0.031	0.01095	0.098	0.0798	0.0357	0.054	0.0154	-0.0055	0.0961	0.0224	0.02055	0.0321	0.1053	0.1209	0.14675	0.0592	0.0173	0.00485	0.01955	0.0904	0.011	0.0151	0.0036	0.0124	0.10245	0.02285	0.0332	0.0296	0.051	0.0156	0.0295	0.06665	-0.00415	-0.002	0.0096	0.0249	0.0225	0.0213	0.03185	0.0124	0.0167	0.01105	0.0977	0.0143	0.0168	0.0032	0.0415	0.0194	0.0285	0.0493	-0.008	0.07775	0.01515	-0.0033	0.10675	0.03165	4e-04	0.0606	0.0059
rs9996737_INT	0.004	-0.0021	0.0172	-0.029	0.0033	-0.0084	-5e-04	-0.0031	-0.04265	8e-04	-0.00245	-0.0057	-0.0102	-5e-04	-0.0227	1e-04	-3e-04	0.0286	2e-04	0.0342	-0.0012	3e-04	0.00355	0.0012	0.0386	1e-04	1e-04	-2e-04	-5e-04	0.0032	4e-04	0.0151	0.00575	0.0424	0.0026	0.0024	-2e-04	1e-04	-0.0462	-0.00205	5e-04	0.00405	0.0365	-3e-04	6e-04	0.0276	-0.013	0.0012	0.0062	0.0034	-0.0025	0.00735	-0.00235	-0.00235	0.00145	0.02545	0.0016	0.0059	0.0024
rs4479854_EDU	0.0118	0.0026	0.0081	-0.0428	0.007	-0.0134	0.0034	8e-04	-0.0472	0.0158	0.00345	0.0064	-0.0221	-0.00375	-0.03785	0.0174	-0.0041	0.0072	-0.0052	0.0363	-0.00565	-0.0034	0.00085	0.0046	0.0337	0.01035	0.0107	0.0105	0.0126	0.0058	0.0021	0.03685	0.00115	0.0433	0.0017	0.05	-0.0049	-0.004	-0.05435	0.00205	-0.0041	0.0023	0.0306	-0.0038	-0.0036	0.0074	-0.0366	0.0032	0.00385	4e-04	-0.0029	0.0056	0.00365	0.00035	0.0083	0.01995	0.0018	0.01995	0.00445
rs628763_T2D	0.0047	7e-04	-0.003	0.0181	9e-04	0.0148	6e-04	1e-04	-0.0885	0.0096	0.00505	0.0031	0.0418	0.052	0.0805	0.0158	-0.0853	-0.04085	-0.1061	2e-04	-0.0918	-0.09635	-4e-04	5e-04	-0.0059	0.00815	0.0124	0.0102	0.0149	7e-04	6e-04	-0.00145	-0.00145	0.0067	1e-04	0.0124	-0.1013	-0.1086	-0.0582	5e-05	-0.1219	-4e-04	-0.0027	-0.0895	-0.10655	-0.0475	0	2e-04	-0.0069	-0.00235	3e-04	0.00365	9e-04	-0.00075	0.0051	-0.025	1e-04	-8e-04	1e-04
rs155051_CDK	0.0835	0.02175	0.00785	-0.0065	0.0294	0.0042	0.02095	0.0029	0.00255	0.0229	0.0167	0.0184	-0.003	0.006	-0.01305	0.035	-0.0078	0.03595	-0.00975	0.007	-0.00985	-0.00805	-0.01185	0.017	0.0055	0.01775	0.0224	0.0196	0.0266	0.0262	0.0041	0.10705	0.0145	0.0375	-0.0052	0.1832	-0.0081	-0.0069	-0.0138	0.00325	-0.0092	7e-04	0.0065	-0.0075	-0.0087	0.0361	-0.0052	0.011	0.0155	-0.0017	0.0014	0.0073	0.01355	-0.013	0.0115	0.0814	-0.0028	0.0714	0.0199
rs183908_FG	-0.005	0.0121	0.18885	-0.0089	0.1022	0.0199	0.0089	0.0022	-0.00355	-7e-04	0.01085	0.0138	0.0059	0.02825	0.01465	0.0083	0.0493	0.0829	0.0559	0.0697	0.024	0.0468	0.047	0.03425	0.08615	9e-04	0.0016	0.0014	0.003	0.0326	0.0201	0.1332	0.09315	0.1891	0.05355	0.0115	0.0525	0.0579	-0.03775	0.0031	0.0472	0.0349	0.0562	0.0281	0.05655	0.0925	-0.0049	-0.0046	0.0989	0.01605	-0.01545	0.11495	0.00685	-0.0071	0.1058	0.12305	0.02395	0.08145	0.00655
rs981043_DS	0.02275	0.0065	0.0071	0.1151	0.0041	0.0243	0.00745	0.0033	0.15455	0.0181	0.01615	0.0084	0.0413	0.0366	0.0617	0.0432	0.0435	-0.0012	0.0439	0.0506	0.0464	0.0413	4e-04	0.0048	0.0589	0.0201	0.0251	0.0257	0.0306	0.0067	0.01865	0.0081	-0.00675	-0.0013	0.00165	0.0068	0.053	0.045	0.0966	0.0107	0.049	0.0027	0.0611	0.0494	0.04325	-0.0022	0.0715	0.0114	0.01215	0.04005	0.0026	0.0123	0.0086	0.00635	0.0875	-0.00565	0.00255	0.0284	0.0036
rs3094127_MS	0.00225	-0.00665	0.0474	0.0015	5e-04	-0.0019	-0.004	-0.0085	0.0294	0	-5e-04	-0.0116	-4e-04	-0.00105	-0.00085	2e-04	0.0294	0.08195	0.03665	0.0018	0.0173	0.03415	0.01155	-0.0026	0.00355	5e-05	1e-04	1e-04	2e-04	-0.00235	3e-04	0.0205	0.0459	4e-04	2e-04	-5e-04	0.026	0.0349	0.01295	-0.00685	0.0412	0.01	0.0019	0.0197	0.03645	0.0845	0.0017	0	0.01205	0.00125	-6e-04	0.00685	-0.0072	-0.00635	0.0066	0.08265	-0.0016	0.00715	-0.0047
rs886423_CEL	0.053	0.04145	0.0801	0.0012	0.05875	0.0119	0.0306	0.0159	0.0234	0.0027	0.02295	0.0426	0.0099	0.03035	0.01215	0.009	0.015	0.12375	0.01485	0.0126	0.00765	0.01425	0.03865	0.03705	0.0187	0.00205	0.0032	0.003	0.0053	0.0482	0.0108	0.0904	0.10735	0.0916	0.0228	0.0659	0.015	0.0191	0.0066	0.02025	0.0145	0.041	0.0094	0.0079	0.01775	0.1251	9e-04	0.0098	0.0515	0.0074	0.00845	0.0432	0.0219	0.00755	0.02975	0.12765	0.0328	0.05465	0.0211
rs9368644_MS	0.003	-0.02425	0.12125	0.0034	0.0261	0.0048	-0.01975	-0.01205	0.038	1e-04	0.00045	-0.02405	5e-04	0.0042	0.0018	9e-04	0.0433	0.12785	0.05745	0.0076	0.0257	0.0515	0.02165	-0.0093	0.01475	2e-04	3e-04	3e-04	4e-04	-0.0112	0.00125	0.06085	0.0872	0.0808	0.0152	5e-04	0.0432	0.0596	0.01795	-0.0269	0.0533	0.0101	0.0083	0.0286	0.0556	0.1301	0.002	6e-04	0.04495	0.0034	0.00515	0.04475	-0.0237	-0.02305	0.0452	0.1464	-0.00545	0.02135	-0.019
rs117788300_UC	0.00805	-0.0052	0.0767	5e-04	0.014	0.0039	-0.0038	-0.00625	0.01555	1e-04	0.0023	-0.0056	0.00475	0.0114	0.0085	0.0013	0.0131	0.06425	0.01645	0.006	0.0096	0.0146	0.0131	5e-04	0.00835	3e-04	5e-04	4e-04	7e-04	0.00055	0.00345	0.03705	0.0489	0.0244	0.0059	0.0038	0.0153	0.0171	0.0078	-0.0139	0.0177	0.0053	0.0062	0.0098	0.01565	0.0651	0.0021	0.0012	0.01545	0.0043	0.00295	0.0319	-0.0097	-0.0105	0.0202	0.0785	0.0018	0.0153	-0.0072
rs77616974_UC	-0.0067	0.0029	-0.04835	0.0101	0.0063	0.0118	0.0028	0.0106	0.02195	2e-04	0.0016	0.0021	9e-04	-2e-04	0.00255	0.0012	-0.0032	-0.069	-0.00425	-0.0017	-0.0013	-0.00365	-0.02955	0.0024	-0.0024	2e-04	4e-04	5e-04	5e-04	-0.0028	0.00035	-0.0225	-0.0836	-0.0244	0.00515	-0.0045	-0.0029	-0.0042	0.01825	0.00925	-0.0038	-0.01715	-0.0013	-0.0017	-0.0041	-0.0717	0.0034	-2e-04	-0.00725	-0.0012	0.0017	-0.0026	0.0078	0.00595	0.00915	-0.07015	-0.0042	-0.0085	0.0036
rs9268589_MS	0.00615	-0.01315	0.0529	-6e-04	-0.0052	-5e-04	-0.0087	-0.0103	-5e-04	0	-2e-04	-0.01405	0.00345	0.0073	0.0069	-5e-04	5e-04	0.1177	7e-04	5e-04	1e-04	4e-04	0.01985	-0.0073	0.00085	0	-1e-04	-1e-04	-2e-04	-0.00745	0	0.02515	0.0558	0.0058	-0.0028	0.0015	3e-04	0.00075	-9e-04	-0.01165	6e-04	0.0068	5e-04	1e-04	6e-04	0.1282	-2e-04	3e-04	0.0071	7e-04	1e-04	0.0037	-0.01255	-0.0141	3e-04	0.09385	-0.0128	0.0016	-0.0134
rs113045321_UC	0.0119	0.01415	0.0425	-3e-04	0.01615	0.0106	0.0087	0.0128	0.0138	0.002	0.006	0.0151	0.0116	0.016	0.0176	0.007	0.0143	0.02745	0.0153	0.008	0.0096	0.0152	0.0136	0.0086	0.0136	0.0012	0.0019	0.0021	0.0032	0.015	0.0048	0.02905	0.02425	-0.0273	0.0062	0.0065	0.0188	0.0182	0.0055	0.01285	0.0165	0.0139	0.0089	0.0109	0.01765	0.0322	0.0015	0.0121	0.017	0.00825	0.0077	0.0252	0.01395	0.00775	0.01465	0.06475	0.0098	0.0211	0.0044
rs111503621_UC	0.0013	1e-04	0.004	-0.0015	0	-2e-04	0	-1e-04	-0.00545	-1e-04	-5e-05	7e-04	-2e-04	-0.00045	-0.00065	-3e-04	9e-04	0.03925	0.0011	-3e-04	0.00025	6e-04	0.0012	1e-04	-2e-04	-1e-04	-1e-04	-1e-04	-1e-04	2e-04	-1e-04	0.0035	0.00465	-3e-04	0.00015	1e-04	5e-04	8e-04	-0.0025	1e-04	0.001	0.0013	-2e-04	3e-04	9e-04	0.0426	-4e-04	0	0.00175	0	-3e-04	0.00045	1e-04	6e-04	-0.00045	0.0261	2e-04	3e-04	1e-04
rs3828833_UC	0.0135	7e-04	0.0597	-0.0155	-0.0026	-0.0045	9e-04	-0.00485	-0.01135	-0.0017	0	-0.00305	-0.0029	0.00095	-0.0052	-0.0063	0.0079	0.11065	0.01	0.0021	0.00515	0.00825	0.02385	8e-04	0.0016	-0.00135	-0.0023	-0.0021	-0.0043	0.0036	0.0019	0.0335	0.05345	0.017	-0.0012	0.0032	0.0066	0.00925	-0.00735	-0.0041	0.0097	0.0134	0.0026	0.0052	0.0098	0.1138	-0.0055	-3e-04	0.0184	0.004	-0.006	2e-04	-0.0045	-0.0023	-0.0173	0.09025	0.00405	0.0087	-8e-04
rs147611303_UC	0.0191	0.0068	-0.009	-0.0052	0.0098	-0.0019	0.0065	0.00145	-0.0105	0.0041	0.00355	0.00065	-0.00985	-0.0044	-0.0156	0.006	-0.0146	-0.0051	-0.0166	-0.0102	-0.01555	-0.0142	-0.0048	0.0061	-0.0113	0.0028	0.0025	0.0024	0.0042	0.0082	0.00065	0.0179	0.0021	0.017	-9e-04	0.0708	-0.0146	-0.01615	-0.01585	0.0028	-0.0154	0	-0.0112	-0.0136	-0.0153	-0.0068	-0.0067	-0.0018	-0.0015	-0.0087	-0.0026	-0.0065	0.0061	-0.0045	-0.00505	0.0076	-0.0021	0.01225	0.00665
rs28366328_UC	9e-04	7e-04	-0.004	0.0156	0.0017	0.0069	0.001	-0.0012	0.02055	0.0036	0.00105	0.005	0.06175	0.05945	0.08905	0.0122	-0.0015	-0.083	-0.0025	0.0085	-9e-04	-0.0018	-0.0053	0.00015	0.0093	0.00295	0.0061	0.0042	0.0096	2e-04	0.0029	-5e-04	-0.01465	-0.0083	-0.0015	0.0036	-0.0011	-0.0017	0.00335	0.00065	-0.0022	-0.0052	0.0084	-7e-04	-0.00195	-0.0867	0.0051	0.0018	-0.0015	0.0111	-5e-04	0.0092	0.0026	-0.00205	0.01715	-0.0407	-0.00165	0.0027	-8e-04
rs9270670_UC	0.02065	7e-04	0.011	0.003	0.0017	0.0028	5e-04	7e-04	0.0101	0.0157	0.0018	0.0029	0.0078	0.0116	0.01485	0.0186	0.0053	0.03085	0.0067	0.0145	0.0057	0.0066	0.00095	6e-04	0.0165	0.00715	0.009	0.0089	0.0124	0.0012	0.0029	0.0291	0.00155	-8e-04	9e-04	0.0161	0.0089	0.0085	0.0023	0.0011	0.0094	9e-04	0.0168	0.0059	0.0076	0.0341	0.0022	0.0247	0.0186	0.0102	0.0068	0.00545	0.00175	0.0012	0.0102	0.0436	0.001	0.0104	7e-04
rs3104376_UC	0.008	-8e-04	0.0074	4e-04	-4e-04	5e-04	-6e-04	-0.0016	0.005	2e-04	2e-04	-0.00185	0.0039	0.0081	0.0089	5e-04	0.0016	0.0453	0.00195	0.0032	0.0011	0.0015	0.00125	-5e-04	0.00415	1e-04	1e-04	1e-04	3e-04	0	5e-04	0.0061	0.0042	0.0037	-6e-04	5e-04	0.0017	0.002	0.0012	-0.00195	0.0024	-1e-04	0.0035	0.001	0.0019	0.0502	2e-04	0.001	0.0032	0.0026	3e-04	0.0026	-0.00155	-0.0017	0.0012	0.02745	-0.0013	0.0012	-8e-04
rs79692442_UC	0.0086	0.003	0.0217	1e-04	0.0045	8e-04	0.0018	0.003	0.0035	1e-04	0.00105	0.009	0.00065	0.0033	0.0012	7e-04	0.0033	0.0658	0.0046	0.0037	0.0024	0.0038	0.0048	0.0024	0.00545	1e-04	2e-04	1e-04	2e-04	0.0033	7e-04	0.0272	0.01735	0.0231	0.004	0.0089	0.0032	0.00495	0.0012	0.0024	0.004	0.0054	0.0042	0.0021	0.00445	0.0712	1e-04	9e-04	0.01165	0.0011	0.0013	0.0113	0.0033	0.00325	0.0056	0.0573	0.00445	0.0064	0.0022
rs9274848_UC	-0.00275	-0.0027	-0.02105	-1e-04	-0.0027	-3e-04	-0.0013	-0.0019	-0.0038	1e-04	-0.00015	-0.00915	-7e-04	-0.00185	-0.0013	0	-0.0037	-0.0621	-0.00445	-0.001	-0.002	-0.00365	-0.00735	-0.0015	-0.0016	0	0	0	0	-0.00275	-4e-04	-0.0089	-0.02	-0.0053	-0.0029	-4e-04	-0.0035	-0.0045	-8e-04	-0.00155	-0.0053	-0.0065	-0.001	-0.0022	-0.00445	-0.065	-1e-04	-1e-04	-0.00365	-9e-04	-1e-04	-0.00715	-0.00225	-0.0033	-0.0014	-0.04935	-0.0044	-0.0023	-0.0012
rs9274849_UC	0.0066	0.0079	0.0506	0.0023	0.00915	0.0017	0.0044	0.0074	0.0129	5e-04	0.00095	0.02195	0.0025	0.0057	0.00445	0.0025	0.0093	0.0642	0.01105	0.0045	0.00515	0.00915	0.01555	0.00575	0.0065	4e-04	7e-04	5e-04	0.0012	0.00785	0.0018	0.02435	0.03535	0.0102	0.01	0.002	0.0094	0.01165	0.0039	0.0079	0.0124	0.0155	0.0044	0.006	0.0115	0.0704	9e-04	9e-04	0.0125	0.0031	0.00095	0.0202	0.0095	0.0117	0.0066	0.0778	0.01165	0.0075	0.0054
rs3763348_CEL	0.01585	-0.0147	0.0436	0.0094	0.0018	0.0017	-0.0089	-0.0072	0.084	0.0014	0.0019	-0.0282	-8e-04	-0.00255	-5e-05	0.004	0.0452	0.1419	0.05815	0.0079	0.0365	0.04915	0.0242	-0.0051	0.01095	0.0013	0.0021	0.0016	0.0029	-0.0033	0.00285	0.0198	0.0505	0.0053	0.0031	-9e-04	0.0525	0.05875	0.049	-0.0075	0.0627	0.012	0.0079	0.0364	0.05435	0.1514	0.0069	0.0025	0.0177	0.0119	0.00045	0.0119	-0.009	-0.0048	0.02225	0.0846	-0.00785	0.01955	-0.0073
rs1635852_T2D	0.00725	-0.0062	0.18605	-0.0062	0.0264	-0.0117	-0.0057	-0.0076	0.0394	-2e-04	0.0015	-0.00915	-0.01045	-0.01245	-0.02125	-9e-04	0.1123	0.2477	0.13285	0.0237	0.0602	0.1168	0.06215	0.0034	0.0386	-1e-04	-3e-04	-1e-04	-0.001	0.00695	0.00345	0.1692	0.1733	0.0216	0.0218	-6e-04	0.1057	0.13105	0.01545	-0.01065	0.1185	0.03925	0.0223	0.0688	0.13085	0.2681	-5e-04	0.001	0.1225	0.00625	0.00085	0.0464	-0.0107	-0.0105	0.0312	0.25515	0.01245	0.0584	-0.0098
rs12548130_INT	6e-04	-0.0035	0.014	-0.0336	-0.0032	-0.0168	-0.0032	-0.0032	-0.0326	-0.0014	-0.00355	-0.0133	-0.02475	-0.0231	-0.0356	-0.0054	0.0019	0.04495	0.0022	-0.0024	0.00095	0.00175	0.0101	-0.0018	-0.0027	-0.0013	-0.0027	-0.002	-0.0052	-0.0016	-9e-04	0.0059	0.0238	0.0039	-0.00035	-0.002	0.0013	0.00175	-0.02335	-0.00515	0.0024	0.00695	-0.0022	0.001	0.00205	0.0434	-0.0104	-0.0011	0.0026	-0.0028	-0.00095	-0.00465	-0.00405	-0.00115	-0.01425	0.0302	-0.0014	8e-04	6e-04
rs966697_DS	0.0526	0.02605	0.14855	0.1448	0.0574	0.1128	0.0221	-0.00515	0.15035	0.0127	0.03875	0.043	0.10885	0.1334	0.17015	0.0534	0.0612	0.04255	0.06115	0.059	0.04525	0.05625	0.03275	0.0234	0.07885	0.01335	0.0245	0.0212	0.0406	0.03225	0.0259	0.05375	0.03625	0.0274	0.0207	0.0221	0.0745	0.07355	0.1077	0.0208	0.0625	0.01935	0.0708	0.045	0.0612	0.0524	0.1157	0.0141	0.04275	0.07345	0.005	0.10705	0.0216	-0.0036	0.16325	0.06095	0.006	0.0561	7e-04
rs11251915_ALZ	0.01755	0.0356	0.0449	-0.0375	0.0576	0.0044	0.0442	0.0095	-0.04075	0.0264	0.01615	0.03285	0.03405	0.04445	0.02835	0.0366	-0.0017	0.028	-0.0078	0.0396	-0.0071	-6e-04	0.00885	0.0378	0.0347	0.0291	0.0339	0.0304	0.0336	0.0356	0.02605	0.07635	0.02425	0.0959	0.0129	0.0859	-0.0061	-7e-04	-0.08165	0.0205	-0.0031	0.01335	0.0344	-0.002	0.00055	0.0275	-0.0259	0.0096	0.02325	0.01205	6e-04	0.0432	0.0255	0.0048	0.03295	0.05645	0.01415	0.06515	0.0377
rs11236507_BD	-0.01295	0.0061	0.09515	-0.0226	0.0608	-0.0063	0	-0.005	-0.05275	-0.0032	-0.0011	0.02075	-0.0066	0.0029	-0.00945	-0.0063	0.0049	0.0455	0.0049	0.0161	0.00065	0.0042	0.01675	0.0203	0.02315	-0.00235	-0.0041	-0.0038	-0.009	0.01775	0.0018	0.0733	0.0629	0.1543	0.02195	0.0027	0.0043	0.00645	-0.0474	-0.0134	0.0053	0.0081	0.0128	0.0015	0.0062	0.0464	-0.0117	-0.0021	0.0297	-0.00015	-6e-04	0.0586	-0.00795	-0.01235	0.03425	0.07705	0.02875	0.0252	-0.0035
rs7957706_ASD	0.0964	0.078	0.0587	-0.0511	0.0938	0.001	0.0745	0.0209	0.0066	0.0338	0.0484	0.057	0.0276	0.0548	0.0324	0.0627	0.0145	0.04015	0.01145	0.0125	0.00865	0.012	0.0112	0.0663	0.0181	0.03105	0.0398	0.0339	0.0445	0.0906	0.0229	0.12135	0.04765	0.098	0.01195	0.2722	0.0166	0.0212	-0.0594	0.04325	0.0143	0.0246	0.0109	0.0099	0.01605	0.042	-0.0223	0.0109	0.02555	0.0159	0.0019	0.06285	0.06115	0.0037	0.04065	0.10415	0.0064	0.127	0.0665
rs12916962_T1D	0.00115	-0.00175	0.0616	-3e-04	0.0035	0	-0.00165	-0.0031	0.0082	0	0.00025	0.00225	-0.0017	-0.0042	-0.00365	2e-04	0.0388	0.1652	0.04795	0.0036	0.0239	0.0412	0.01915	-2e-04	0.0061	0	0	0	1e-04	0.00255	0.00075	0.03285	0.0654	-0.0062	0.0044	3e-04	0.0348	0.0437	0.00105	-0.00655	0.0473	0.0128	0.0041	0.0256	0.04555	0.1785	5e-04	2e-04	0.0201	0.0018	2e-04	0.0162	-0.00415	-0.0021	0.00665	0.13465	0.0042	0.0115	-0.0042
rs794426_T1D	0.0285	-0.023	0.0703	-0.0064	-0.0085	-0.0046	-0.01365	-0.0221	-0.0112	7e-04	-0.00045	-0.0212	0.00225	0.0031	0.0033	0.0016	0.022	0.21335	0.0248	0.0046	0.01355	0.02265	0.0392	-0.009	0.0064	0.00035	6e-04	3e-04	0.0014	-0.00685	0.003	0.04555	0.11905	0.0143	-0.0066	0.0059	0.0207	0.02475	-0.01425	-0.0256	0.0256	0.0162	0.0044	0.0141	0.02465	0.1992	-0.0021	0.0024	0.01885	0.00695	0.00075	0.00675	-0.0256	-0.0161	0.00255	0.1417	-0.00655	0.02	-0.00995
rs1701111_ALZ	0.01055	-0.00915	0.0331	-0.0667	0.0029	-0.0197	-0.0114	-0.0053	-0.0598	-5e-04	-0.0148	-0.00465	0.0018	0.00195	0.0015	-0.005	0.0237	0.03085	0.0268	0.0023	0.0156	0.02405	0.0263	-0.005	0.00345	-6e-04	-0.001	-0.0014	-0.0031	-0.0019	0.0022	0.0122	0.05895	0.0106	0.0039	0.0032	0.0297	0.03175	-0.06725	-0.0137	0.024	0.01945	0.0024	0.0166	0.02645	0.0359	-0.0247	6e-04	0.0057	0.00495	-1e-04	0.0121	-0.01045	-0.00805	-0.01745	0.03265	-0.00035	0.0135	-0.0018
rs11870935_MS	0.0073	0.00175	0.2534	-0.0408	0.0417	-0.0341	-2e-04	0.0039	0.00355	-0.0021	-0.0057	-0.0033	-0.0467	-0.03955	-0.0654	-0.0064	0.1829	0.311	0.20955	0.0464	0.10945	0.1891	0.06615	0.0093	0.07355	-0.0024	-0.0043	-0.0036	-0.0096	0.01125	0.00675	0.2507	0.18485	0.0186	0.03595	-0.0064	0.1714	0.2111	-0.01705	0.0029	0.1938	0.05445	0.0463	0.1306	0.2145	0.3313	-0.0223	0.0023	0.1887	0.00845	-0.00065	0.0726	0.00025	9e-04	0.01355	0.32995	0.02185	0.0947	0.0024
rs12602494_T1D	0.0182	-0.0194	0.0966	-0.0029	-0.025	-0.0063	-0.0143	-0.02855	-0.0057	-1e-04	-0.00115	-0.03245	-0.00015	-0.00185	-0.001	-0.0011	0.0051	0.42785	0.0076	0.0015	0.0029	0.00605	0.0598	-0.0166	0.00245	-1e-04	-2e-04	-3e-04	-3e-04	-0.00535	0.00035	0.052	0.21635	-0.0133	-0.0159	0.0046	0.0053	0.00725	-0.0038	-0.02695	0.0069	0.0354	0.0015	0.0027	0.0066	0.4241	-6e-04	8e-04	0.0156	0.002	-8e-04	-0.0083	-0.0277	-0.025	-0.0081	0.2743	-0.01035	0.00955	-0.01805
rs12937297_BFP	0.0183	0.0142	0.02655	0.0499	0.0205	0.0405	0.0208	-0.0052	0.05775	0.0507	0.02855	0.0159	0.0717	0.0672	0.0931	0.113	0.0051	-0.0034	0.00265	0.0529	0.00255	0.0032	-0.0029	0.0113	0.0518	0.047	0.0618	0.0697	0.0901	0.012	0.0222	0.04015	-0.02425	0.0051	0.0015	0.0339	0.0065	0.00625	0.0143	0.01685	0.0019	0.0016	0.0504	0.0055	0.00505	-0.0067	0.0416	0.028	0.0118	0.03885	-0.00545	0.03655	0.0182	0.00165	0.0939	0.0021	-0.0133	0.05635	0.0093
rs7242423_MDD	0.0077	-0.001	0.0028	-0.01	7e-04	-0.0063	3e-04	-0.00245	-0.0066	0.024	0.00185	-0.004	-0.0013	0.0027	-0.0054	0.0219	0	0.0055	0.00015	0.0738	-4e-04	6e-04	-4e-04	8e-04	0.0681	0.01345	0.0156	0.0152	0.0181	0.0013	5e-04	0.02135	-0.00075	0.0132	-0.0012	0.0162	5e-04	0.00055	-0.01305	-0.0017	8e-04	-5e-04	0.0654	3e-04	0.00055	0.0062	-0.0068	0.008	0.00645	0.0077	-3e-04	0.0019	-0.001	-0.00285	0.0147	0.01255	-0.0022	0.0102	0.0013
rs17773471_BFP	0.0016	2e-04	6e-04	0.1062	7e-04	0.018	3e-04	0	0.0521	0.1122	0.0064	0.0011	0.01775	0.01155	0.03435	0.1357	0.0101	0.0022	0.0133	0.085	0.01235	0.0102	-5e-05	4e-04	0.08	0.08815	0.1055	0.1073	0.1218	4e-04	0.0058	0.0093	-0.00015	0.0038	1e-04	0.0208	0.0143	0.0139	-0.00855	0.00055	0.0132	0	0.0703	0.0118	0.0122	0.0017	0.0341	0.0083	0.0082	0.03375	2e-04	0.00245	0.00105	0.00055	0.1046	0.0026	5e-05	0.0135	5e-04
rs6013574_FI	0.0204	0.0068	0.0547	0.0046	0.02005	0.0089	0.006	0.0047	0.02	0.0121	0.0087	0.0145	0.0159	0.0213	0.0231	0.0236	0.0179	0.04535	0.0201	0.044	0.0132	0.01845	0.00665	0.008	0.0473	0.01115	0.016	0.0132	0.0187	0.01175	0.0099	0.0828	0.01765	0.0322	0.0077	0.0444	0.0241	0.02635	-0.00165	0.00775	0.0267	0.0088	0.0378	0.0146	0.02495	0.0466	0.0047	0.0099	0.0467	0.0193	0.0019	0.0301	0.01045	0.00595	0.0399	0.06225	0.00665	0.05255	0.0071
